masse_A
time	x	y
0.000	1.25000	0.50000
0.067	1.00000	0.25000
0.133	1.00000	0.25000
0.200	-2.00000	-0.25000
0.267	-3.00000	-1.00000
0.333	-0.75000	-1.00000
0.400	-1.25000	-1.00000
0.467	0.00000	-1.50000
0.533	-1.25000	-1.25000
0.600	-2.75000	-0.25000
0.667	-2.75000	0.75000
0.733	-2.75000	1.00000
0.800	-3.25000	2.00000
0.867	-2.50000	2.50000
0.933	5.25000	4.50000
1.000	17.25000	2.00000
1.067	36.00000	-5.00000
1.133	60.75000	-22.00000
1.200	90.25000	-49.25000
1.267	119.50000	-89.75000
1.333	146.75000	-142.75000
1.400	159.50000	-208.75000
1.467	159.00000	-280.75000
1.533	142.50000	-352.00000
1.600	111.75000	-418.00000
1.667	76.00000	-469.75000
1.733	39.25000	-509.25000
1.800	6.25000	-541.75000
1.867	-21.25000	-560.75000
1.933	-30.75000	-562.50000
2.000	-33.50000	-560.50000
2.067	-32.00000	-557.50000
2.133	-25.00000	-552.00000
2.200	-19.50000	-544.00000
2.267	-15.75000	-537.50000
2.333	-14.75000	-539.75000
2.400	-16.00000	-540.75000
2.467	-20.00000	-542.50000
2.533	-29.00000	-547.50000
2.600	-32.75000	-549.00000
2.667	-33.50000	-556.50000
2.733	-30.75000	-555.50000
2.800	-24.75000	-555.75000
2.867	-7.50000	-556.25000
2.933	23.00000	-536.25000
3.000	63.25000	-501.75000
3.067	104.75000	-450.25000
3.133	141.25000	-386.50000
3.200	161.50000	-313.50000
3.267	165.75000	-240.50000
3.333	155.75000	-172.50000
3.400	132.00000	-115.50000
3.467	99.75000	-70.50000
3.533	65.00000	-42.25000
3.600	33.75000	-23.00000
3.667	15.75000	-16.75000
3.733	9.25000	-18.50000
3.800	8.00000	-23.25000
3.867	12.75000	-24.25000
3.933	16.50000	-25.50000
4.000	17.00000	-26.75000
4.067	15.25000	-26.50000
4.133	13.00000	-26.50000
4.200	9.75000	-27.00000
4.267	7.50000	-27.75000
4.333	5.25000	-26.00000
