masse_A
t	x	y
0.067	-0.00043	-0.00086
0.133	-0.00043	-0.00173
0.200	0.00130	-0.00302
0.267	0.00130	-0.00302
0.333	-0.00086	-0.00173
0.400	-0.00086	0.00000
0.467	0.00086	-0.00086
0.533	0.00043	-0.00259
0.600	-0.00086	-0.00259
0.667	0.00259	-0.00043
0.733	0.00950	-0.00130
0.800	0.01727	-0.00259
0.867	0.03497	-0.00475
0.933	0.05872	-0.00691
1.000	0.09369	-0.00907
1.067	0.13817	-0.01554
1.133	0.18825	-0.01986
1.200	0.23531	-0.01727
1.267	0.27547	-0.00864
1.333	0.30612	-0.00173
1.400	0.33160	-0.00130
1.467	0.34714	-0.00086
1.533	0.35319	0.00173
1.600	0.35362	0.00432
1.667	0.35060	0.00518
1.733	0.34628	0.00820
1.800	0.34239	0.01338
1.867	0.33635	0.01684
1.933	0.32944	0.01770
2.000	0.32555	0.02116
2.067	0.32296	0.02159
2.133	0.31951	0.02288
2.200	0.31605	0.02547
2.267	0.31346	0.02677
2.333	0.31131	0.02677
2.400	0.30871	0.02720
2.467	0.30785	0.03022
2.533	0.30699	0.02979
2.600	0.30612	0.03325
2.667	0.30267	0.03627
2.733	0.29533	0.04145
2.800	0.28151	0.04361
2.867	0.25949	0.04706
2.933	0.22841	0.04534
3.000	0.19127	0.03972
3.067	0.14896	0.03066
3.133	0.10362	0.01468
3.200	0.05656	-0.00173
3.267	0.01295	-0.01252
3.333	-0.01684	-0.01598
3.400	-0.02979	-0.01209
3.467	-0.03325	-0.00950
3.533	-0.03756	-0.00086
3.600	-0.03929	0.00604
3.667	-0.04015	0.00820
3.733	-0.04015	0.00691
3.800	-0.04102	0.00475
3.867	-0.04318	0.00648
3.933	-0.04577	0.00777
