masse_A
t	x	y
1.267	0.0026	0.0000
1.333	0.0079	0.0017
1.400	0.0061	0.0017
1.467	0.0061	0.0017
1.533	0.0061	0.0017
1.600	0.0061	0.0017
1.667	-0.0061	0.0087
1.733	-0.0061	0.0087
1.800	-0.0131	0.0035
1.867	-0.0253	-0.0262
1.933	-0.0288	-0.0506
2.000	-0.0375	-0.1169
2.067	-0.0288	-0.2111
2.133	-0.0236	-0.3298
2.200	-0.0183	-0.4606
2.267	-0.0183	-0.5810
2.333	-0.0183	-0.7136
2.400	-0.0201	-0.7590
2.467	-0.0183	-0.7904
2.533	-0.0218	-0.8096
2.600	-0.0340	-0.8201
2.667	-0.0393	-0.8201
2.733	-0.0462	-0.8253
2.800	-0.0462	-0.8131
2.867	-0.0462	-0.8078
2.933	-0.0462	-0.8078
3.000	-0.0462	-0.8078
3.067	-0.0410	-0.8078
3.133	-0.0410	-0.8183
3.200	-0.0410	-0.8113
3.267	-0.0375	-0.8166
3.333	-0.0375	-0.8131
3.400	-0.0323	-0.8061
3.467	-0.0218	-0.7834
3.533	0.0044	-0.7293
3.600	0.0253	-0.6543
3.667	0.0515	-0.5548
3.733	0.0654	-0.4449
3.800	0.0672	-0.3210
3.867	0.0602	-0.2094
3.933	0.0567	-0.1221
4.000	0.0602	-0.0454
4.067	0.0585	-0.0035
4.133	0.0497	0.0192
4.200	0.0427	0.0332
4.267	0.0375	0.0314
4.333	0.0358	0.0244
4.400	0.0410	0.0192
4.467	0.0410	0.0140
4.533	0.0375	0.0105
4.600	0.0288	0.0105
4.667	0.0236	0.0105
4.733	0.0166	0.0105
4.800	0.0166	0.0157
4.867	0.0113	0.0122
4.933	0.0148	0.0122
